A = [1 5 2 -6 9 0; 0 0 1 -7 4 -8; 0 0 0 0 0 1; 0 0 0 0 0 0]

% x1 = -5x2 -2x3 + 6x4 - 9x5
% x2 = free
% x3 = 7x4 - 4x5 + 8x6
% x4 = free
% x5 = free
% x6 = 0

s = []

s = 1
t = 1
n = 1